[-0.23014179, 0.061587, 0.09343753, 0.0157065, 0.31483816, 0.15091234, -0.179228, 0.02295125, -0.20676755, -0.16573906, -0.20411009, -0.04586671, -0.01946659, 0.18312712, 0.205595, -0.12093019, 0.06621712, 0.17225158, -0.0042144, -0.10016413, -0.01424126, 0.11150695, -0.12688642, 0.15525884, -0.16030664, 0.06783407, -0.01353921, -0.21763697, 0.16014467, -0.31426151, -0.22324737, -0.04109856]

[0.06972004, 0.05928155, 0.54248306, -0.11943511, 0.05630096, 0.53462157, 0.11975166, -0.51443357, -0.13222338, 0.10731326, -0.09650354, 0.29113674, -0.12477267, -0.08993435, 0.2917794, -0.04028774, 0.02866657, 0.05309749, -0.0477539, 0.23931705, -0.1710581, 0.31843192, 0.08784372, 0.1392405, 0.36851253, -0.27925565, -0.26840585, 0.1737674, -0.17434483, -0.30666975, 0.39941688, 0.45676964]

[0.25647866, 0.20102993, -0.34474418, 0.17946918, -0.08768645, -0.03953977, 0.20968193, -0.02002567, -0.0963122, -0.2733131, -0.18660207, -0.08622037, 0.20125943, -0.06824851, 0.24276943, 0.08487337, 0.22535677, -0.21367962, -0.05501004, -0.26655053, 0.27095203, 0.15499816, -0.05552037, -0.00611368, -0.08817934, 0.09997956, 0.1434204, -0.0892624, 0.24970224, -0.04053681, -0.17333596, -0.36497942]

[-0.112480285, -0.0419432155, -0.128983457, -0.665135127, -0.151781701, -0.126362552, 0.213429398, -0.387537983, 0.0318628734, 0.106572324, 0.241823816, -0.346716495, -0.116588975, -3.67853359e-5, 0.204240738, -0.0986654949, -0.212895733, -0.0851110512, 0.330639754, 0.0940591587, 0.415933259, 0.126470404, -0.276059197, -0.482345864, -0.0285050639, 0.145519771, 0.0405211905, -0.144570974, 0.00487237066, 0.140721806, 0.176653503, 0.3736201]

[-0.22763411, 0.17215827, 0.14503923, 0.59688817, -0.0662276, 0.36746645, -0.26198589, -0.07319077, -0.09631979, -0.41897227, -0.47011002, -0.24770864, 0.26364585, -0.05183987, 0.17784108, -0.2930436, 0.07288042, -0.11185247, 0.05839409, 0.19832975, -0.18265704, -0.13685848, -0.10692496, -0.22171098, -0.27435464, -0.20942684, -0.28068921, -0.17858625, 0.10623164, -0.11991108, 0.05376293, -0.00664122]

[-0.06454586, -0.4570603, 0.35617502, 0.17629027, -0.45525533, 0.55727384, 0.22294953, -1.21039004, 0.34456797, -0.0224497, 0.12697241, -0.86603523, 0.38057828, 0.18105311, 0.07743553, -0.19701811, -0.53374756, 0.41782405, 0.19349, -0.31662046, 0.18668807, 0.2305022, 0.42951094, -0.14605281, 0.02941847, 0.40952127, -0.83623504, 0.79304469, 0.09924966, 0.18424993, 0.94034627, -0.58651819]

[0.52562908, 0.03320022, 0.80545639, 0.48035388, -0.53043478, -0.00813128, 0.26812329, -0.2604208, 0.02069476, 0.05680804, -0.32228234, 0.20236068, -0.2761773, 0.79781662, -0.50222619, 0.11273867, -1.14234113, 0.02417631, -0.81389039, -0.12844517, 0.08329722, 0.3120069, 0.0112649, -0.16511776, 0.12839132, -0.06499528, -0.29925623, -0.26793317, -0.34158282, -0.93635133, -0.43821996, -0.42810312]